0.363625 0.985000
0.353739 0.801000
0.189405 1.349000
0.212122 1.562000
0.229270 1.600000
0.233209 1.606000
0.208839 1.510000
0.162254 0.959000
0.116175 0.822000
0.150888 1.321000
0.191464 1.263000
0.160473 1.162000
0.150883 1.406000
0.188413 1.421000
0.248112 1.248000
0.234217 1.204000
0.176771 1.000000
0.232333 0.683000
0.298422 1.650000
0.255050 1.927000
0.157833 1.543000
0.079070 0.981000
0.098839 0.986000
0.117930 1.416000
0.234526 1.985000
0.203600 0.506000
0.219700 0.431000
0.223317 1.167000
0.212126 1.098000
0.250322 1.096000
0.186250 1.501000
0.234530 1.360000
0.254417 1.526000
0.177878 1.550000
0.228587 1.708000
0.243058 1.005000
0.291671 1.623000
0.303658 1.712000
0.198246 1.530000
0.144283 1.605000
0.149548 1.538000
0.213509 1.746000
0.232954 1.472000
0.324113 1.589000
0.398350 1.913000
0.254274 1.815000
0.316200 2.115000
0.428658 2.475000
0.511983 2.927000
0.391404 1.635000
0.277330 1.812000
0.284075 1.107000
0.186033 1.450000
0.245717 1.917000
0.289191 1.807000
0.350461 1.461000
0.282192 1.969000
0.351109 2.402000
0.400118 1.446000
0.263879 1.851000
0.320071 2.134000
0.200133 1.685000
0.255679 1.944000
0.378779 2.077000
0.366252 0.605000
0.238461 1.872000
0.302400 2.133000
0.286608 1.891000
0.385668 0.623000
0.305000 1.977000
0.325750 2.132000
0.380091 2.417000
0.332000 2.046000
0.318178 2.056000
0.366930 2.192000
0.410333 2.744000
0.527009 3.239000
0.466525 3.117000
0.325750 2.471000
0.409735 2.077000
0.440642 2.703000
0.337939 2.121000
0.270833 1.865000
0.256312 2.210000
0.257571 2.496000
0.250339 1.693000
0.257574 2.028000
0.292908 2.425000
0.297350 1.536000
0.257575 1.685000
0.283454 2.227000
0.315637 2.252000
0.378767 3.249000
0.542929 3.115000
0.398350 1.795000
0.387608 2.808000
0.433696 3.141000
0.324479 1.471000
0.341529 2.455000
0.426737 2.895000
0.565217 3.348000
0.493054 2.034000
0.417283 2.162000
0.462742 3.267000
0.441913 3.126000
0.425492 0.795000
0.445696 3.744000
0.503146 3.429000
0.489258 3.204000
0.564392 3.944000
0.453892 4.189000
0.321954 1.683000
0.450121 4.036000
0.551763 4.191000
0.574500 4.073000
0.594083 4.400000
0.575142 3.872000
0.578929 4.058000
0.497463 4.595000
0.464021 5.312000
0.448204 3.351000
0.532833 4.401000
0.582079 4.451000
0.404650 2.633000
0.441917 4.433000
0.474117 4.608000
0.512621 4.714000
0.518933 4.333000
0.525246 4.362000
0.522721 4.803000
0.528400 4.182000
0.523363 4.864000
0.494300 4.105000
0.500629 3.409000
0.536000 4.553000
0.550512 3.958000
0.538529 4.123000
0.527158 3.855000
0.510742 4.575000
0.529042 4.917000
0.571975 5.805000
0.574500 4.660000
0.590296 4.274000
0.604813 4.492000
0.615542 4.978000
0.654688 4.677000
0.637008 4.679000
0.612379 4.758000
0.615550 4.788000
0.671092 4.098000
0.725383 3.982000
0.720967 3.974000
0.643942 4.968000
0.587133 5.312000
0.594696 5.342000
0.616804 4.906000
0.621858 4.548000
0.655950 4.833000
0.727279 4.401000
0.757579 3.915000
0.703292 4.586000
0.678038 4.966000
0.643325 4.460000
0.601654 5.020000
0.591546 4.891000
0.587754 5.180000
0.595346 3.767000
0.600383 4.844000
0.643954 5.119000
0.645846 4.744000
0.595346 4.010000
0.637646 4.835000
0.693829 4.507000
0.693833 4.790000
0.656583 4.991000
0.643313 5.202000
0.637629 5.305000
0.637004 4.708000
0.692558 4.648000
0.654688 5.225000
0.637008 5.515000
0.652162 5.362000
0.667308 5.119000
0.668575 4.649000
0.665417 6.043000
0.696338 4.665000
0.685633 4.629000
0.686871 4.592000
0.670483 4.040000
0.664158 5.336000
0.690025 4.881000
0.729804 4.086000
0.739275 4.258000
0.689404 4.342000
0.635104 5.084000
0.624371 5.538000
0.638263 5.923000
0.669833 5.302000
0.703925 4.458000
0.747479 4.541000
0.746850 4.332000
0.826371 3.784000
0.840896 3.387000
0.804287 3.285000
0.794829 3.606000
0.720958 3.840000
0.696979 4.590000
0.690667 4.656000
0.739900 4.390000
0.785967 3.846000
0.728537 4.475000
0.729796 4.302000
0.703292 4.266000
0.707071 4.845000
0.679937 3.574000
0.664788 4.576000
0.656567 4.866000
0.676154 4.294000
0.715292 3.785000
0.703283 4.326000
0.724121 4.602000
0.684983 4.780000
0.651521 4.792000
0.654042 4.905000
0.645858 4.150000
0.624388 3.820000
0.616167 4.338000
0.645837 4.725000
0.666671 4.694000
0.662258 3.805000
0.633221 4.153000
0.648996 5.191000
0.675525 3.873000
0.638254 4.758000
0.606067 5.895000
0.630692 5.130000
0.645854 3.542000
0.659733 4.661000
0.635556 1.115000
0.647959 4.334000
0.607958 4.634000
0.594704 5.204000
0.611121 5.058000
0.614921 5.115000
0.604808 4.727000
0.633213 4.484000
0.665429 4.940000
0.625646 3.351000
0.515200 2.710000
0.544229 1.996000
0.555361 1.842000
0.578946 3.544000
0.607962 5.345000
0.609229 5.046000
0.602130 4.713000
0.603554 4.763000
0.626900 4.785000
0.553671 3.659000
0.461475 4.760000
0.478512 4.511000
0.490537 4.274000
0.529675 4.539000
0.532217 3.641000
0.550533 4.352000
0.554963 4.795000
0.522125 2.395000
0.564412 5.423000
0.572637 5.010000
0.589042 4.630000
0.574525 4.120000
0.575158 3.907000
0.574512 4.839000
0.544829 5.202000
0.412863 2.429000
0.345317 2.918000
0.392046 3.570000
0.472858 4.456000
0.527138 4.826000
0.480425 4.765000
0.504404 4.985000
0.513242 5.409000
0.523983 5.511000
0.542925 5.117000
0.546096 4.563000
0.517717 2.416000
0.551804 2.913000
0.529675 3.644000
0.498725 5.217000
0.503154 5.041000
0.510725 4.570000
0.522721 4.748000
0.513848 2.424000
0.466525 4.195000
0.423596 4.304000
0.425492 4.308000
0.422333 4.381000
0.457067 4.187000
0.463375 4.687000
0.472846 3.894000
0.457046 2.659000
0.318812 3.747000
0.227913 0.627000
0.321329 3.331000
0.356063 3.669000
0.397088 4.068000
0.390133 4.186000
0.405921 3.974000
0.403392 4.046000
0.323854 3.926000
0.362358 3.649000
0.400871 4.035000
0.412246 4.205000
0.409079 4.109000
0.373721 2.933000
0.306817 3.368000
0.357942 4.067000
0.430550 3.717000
0.524612 4.486000
0.507579 4.195000
0.451988 1.817000
0.323221 3.053000
0.272721 3.392000
0.324483 3.663000
0.457058 3.520000
0.445062 2.765000
0.421696 1.607000
0.430537 2.566000
0.372471 1.495000
0.380671 2.792000
0.385087 3.068000
0.455800 3.071000
0.490122 3.867000
0.451375 2.914000
0.311221 3.613000
0.305554 3.727000
0.331433 3.940000
0.310604 3.614000
0.349100 3.485000
0.393925 3.811000
0.456400 2.594000
0.400246 0.705000
0.256938 3.322000
0.317542 3.620000
0.266412 3.190000
0.253154 2.743000
0.270196 3.310000
0.301138 3.523000
0.338362 3.740000
0.412237 3.709000
0.359825 3.577000
0.249371 2.739000
0.245579 2.431000
0.280933 3.403000
0.396454 3.750000
0.428017 2.660000
0.426121 3.068000
0.377513 2.209000
0.299242 1.011000
0.279961 0.754000
0.315535 1.317000
0.327633 1.162000
0.279974 2.302000
0.263892 2.423000
0.318812 2.999000
0.414121 2.485000
0.375621 2.294000
0.252304 1.951000
0.126275 2.236000
0.119337 2.368000
0.278412 3.272000
0.340267 4.098000
0.390779 4.521000
0.340258 3.425000
0.247479 2.376000
0.318826 3.598000
0.282821 2.177000
0.381938 4.097000
0.249362 3.214000
0.183087 2.493000
0.161625 2.311000
0.190663 2.298000
0.364278 2.935000
0.275254 3.376000
0.190038 3.292000
0.220958 3.163000
0.174875 1.301000
0.162250 1.977000
0.243058 2.432000
0.349108 4.339000
0.294821 4.270000
0.356050 4.075000
0.415383 3.456000
0.326379 4.023000
0.272721 3.243000
0.262625 3.624000
0.381317 4.509000
0.466538 4.579000
0.398971 3.761000
0.309346 4.151000
0.272725 2.832000
0.264521 2.947000
0.296426 3.784000
0.361104 4.375000
0.266421 2.802000
0.261988 3.830000
0.293558 3.831000
0.210867 2.169000
0.101658 1.529000
0.227913 3.422000
0.333946 3.922000
0.351629 4.169000
0.330162 3.005000
0.351629 4.154000
0.355425 4.318000
0.265788 2.689000
0.273391 3.129000
0.295113 3.777000
0.392667 4.773000
0.444446 5.062000
0.410971 3.487000
0.255675 2.732000
0.268308 3.389000
0.357954 4.322000
0.353525 4.363000
0.348470 1.834000
0.475371 4.990000
0.359842 3.194000
0.413492 4.066000
0.303021 3.423000
0.241171 3.333000
0.255042 3.956000
0.385100 4.916000
0.524604 5.382000
0.397083 4.569000
0.277767 4.118000
0.359670 4.911000
0.459592 5.298000
0.542929 5.847000
0.548617 6.312000
0.532825 6.192000
0.436229 4.378000
0.505046 7.836000
0.464000 5.892000
0.532821 6.153000
0.538533 6.093000
0.513258 6.230000
0.531567 6.871000
0.570067 8.362000
0.486733 3.372000
0.437488 4.996000
0.438750 5.558000
0.315654 5.102000
0.470950 5.698000
0.482304 6.133000
0.375621 5.459000
0.421708 6.235000
0.417287 6.041000
0.427513 5.936000
0.461483 6.772000
0.533450 6.436000
0.431163 6.457000
0.390767 6.460000
0.426129 6.857000
0.492425 5.169000
0.476638 5.585000
0.436233 5.918000
0.337274 4.862000
0.387604 5.409000
0.431808 6.398000
0.487996 7.460000
0.573875 7.132000
0.614925 6.370000
0.598487 6.691000
0.457038 4.367000
0.493046 6.565000
0.515775 7.290000
0.542921 6.624000
0.389504 1.027000
0.301125 3.214000
0.405283 5.633000
0.470317 6.196000
0.483583 5.026000
0.452637 6.233000
0.377504 4.220000
0.450121 6.304000
0.457696 5.572000
0.577021 5.740000
0.537896 6.169000
0.537242 6.421000
0.590917 6.296000
0.584608 6.883000
0.546737 6.359000
0.527142 6.273000
0.557471 5.728000
0.553025 4.717000
0.491783 6.572000
0.520833 7.030000
0.544817 7.429000
0.585238 6.118000
0.549900 2.843000
0.576404 5.115000
0.595975 7.424000
0.572613 7.384000
0.551121 7.639000
0.566908 8.294000
0.583967 7.129000
0.565667 4.359000
0.580825 6.073000
0.584612 5.260000
0.606700 6.770000
0.627529 6.734000
0.642696 6.536000
0.641425 6.591000
0.679300 6.043000
0.672992 5.743000
0.611129 6.855000
0.631329 7.338000
0.607962 4.127000
0.566288 8.120000
0.575133 7.641000
0.578283 6.998000
0.525892 7.001000
0.542292 7.055000
0.569442 7.494000
0.597862 7.736000
0.648367 7.498000
0.663517 6.598000
0.659721 6.664000
0.597875 4.972000
0.611117 7.421000
0.624383 7.363000
0.599754 7.665000
0.594708 7.702000
0.571975 6.978000
0.544842 5.099000
0.654692 6.825000
0.720975 6.211000
0.752542 5.905000
0.724121 5.823000
0.652792 7.458000
0.674254 6.891000
0.654042 6.779000
0.594704 7.442000
0.640792 7.335000
0.675512 6.879000
0.786613 5.463000
0.687508 5.687000
0.750629 5.531000
0.702038 6.227000
0.702650 6.660000
0.732337 7.403000
0.761367 6.241000
0.752533 6.207000
0.804913 4.840000
0.790396 4.672000
0.654054 6.569000
0.664796 6.290000
0.650271 7.264000
0.654683 7.446000
0.667933 7.499000
0.666042 6.969000
0.705196 6.031000
0.724125 6.830000
0.755683 6.786000
0.745583 5.713000
0.714642 6.591000
0.613025 5.870000
0.549912 4.459000
0.623125 7.410000
0.690017 6.966000
0.706450 7.592000
0.654054 8.173000
0.739263 6.861000
0.734217 6.904000
0.697604 6.685000
0.667933 6.597000
0.684987 7.105000
0.662896 7.216000
0.667308 7.580000
0.707088 7.261000
0.722867 7.175000
0.751267 6.824000
0.731079 5.464000
0.710246 7.013000
0.697621 7.273000
0.707717 7.534000
0.699508 7.286000
0.667942 5.786000
0.638267 6.299000
0.644579 6.544000
0.662254 6.883000
0.676779 6.784000
0.654037 7.347000
0.654688 7.605000
0.242400 7.148000
0.618071 7.865000
0.603554 4.549000
0.595967 6.530000
0.601025 7.006000
0.621854 7.375000
0.637008 7.765000
0.647100 7.582000
0.618696 6.053000
0.595996 5.255000
0.654688 6.917000
0.666050 7.040000
0.635733 7.697000
0.652779 7.713000
0.689400 7.350000
0.702654 6.140000
0.649000 5.810000
0.661629 6.034000
0.686888 6.864000
0.708983 7.112000
0.655329 6.203000
0.657204 7.504000
0.611121 5.976000
0.578925 8.227000
0.565654 7.525000
0.554292 7.767000
0.570075 7.870000
0.579558 7.804000
0.594083 8.009000
0.585867 8.714000
0.563125 7.333000
0.553050 6.869000
0.565067 4.073000
0.540404 7.591000
0.532192 7.720000
0.571971 8.167000
0.610488 8.395000
0.518933 7.907000
0.502513 7.436000
0.544179 7.538000
0.596613 7.733000
0.607975 7.393000
0.585863 7.415000
0.530296 8.555000
0.517663 6.889000
0.512000 6.778000
0.542333 4.639000
0.599133 7.572000
0.607975 7.328000
0.580187 8.156000
0.538521 7.965000
0.419813 3.510000
0.387608 5.478000
0.438112 6.392000
0.503142 7.691000
0.431167 7.570000
0.433071 7.282000
0.391396 7.109000
0.508204 6.639000
0.539150 5.875000
0.460846 7.534000
0.450108 7.461000
0.512625 7.509000
0.537896 5.424000
0.472842 8.090000
0.456429 6.824000
0.482942 7.058000
0.530304 7.466000
0.558721 7.693000
0.529688 7.359000
0.522750 7.444000
0.515133 7.852000
0.467771 4.459000
0.439400 0.022000
0.309909 1.096000
0.361100 5.566000
0.369942 5.986000
0.356042 5.847000
0.323846 5.138000
0.329538 5.107000
0.308075 5.259000
0.281567 5.686000
0.274621 5.035000
0.341891 5.315000
0.355413 5.992000
0.393937 6.536000
0.421713 6.852000
0.475383 6.269000
0.323225 4.094000
0.281563 5.495000
0.324492 5.445000
0.347204 5.698000
0.326383 5.629000
0.337746 4.669000
0.375621 5.499000
0.380667 5.634000
0.364892 5.146000
0.350371 2.425000
0.378779 3.910000
0.248742 2.277000
0.257583 2.424000
0.339004 5.087000
0.281558 3.959000
0.289762 5.260000
0.298422 5.323000
0.323867 5.668000
0.316904 5.191000
0.359208 4.649000
0.455796 6.234000
0.469054 6.606000
0.428012 5.729000
0.258204 5.375000
0.321958 5.008000
0.389508 5.582000
0.390146 3.228000
0.435575 5.170000
0.338363 5.501000
0.297338 5.319000
0.294188 5.532000
0.294192 5.611000
0.338383 5.047000
0.369938 3.786000
0.401500 4.585000
0.409708 5.557000
0.342162 5.267000
0.335217 4.128000
0.301767 3.623000
0.236113 1.749000
0.259471 1.787000
0.258900 0.920000
0.294465 1.013000
0.220333 0.441000
0.226642 2.114000
0.255046 3.095000
0.242400 1.341000
0.231700 1.796000
0.223487 2.729000